qtl_id,Locus.GWAS,Study_id,Sample,eGene,PP.H0,PP.H1,PP.H2,PP.H3,PP.H4,Study,Tissue,Tissue_group,System
Alasoo_2018.macrophage_IFNg,BIN3,GWAS,macrophage_IFNg,C8orf58,4.49586699150377e-05,0.000178000375377767,0.020708146363409,0.0810897182584535,0.897979176332845,Alasoo_2018,macrophage,macrophage,Blood
Alasoo_2018.macrophage_IFNg,GPNMB,GWAS,macrophage_IFNg,NUPL2,6.85813209861631e-23,1.01648596743268e-21,0.00518719382739481,0.0759637431659195,0.918849063006682,Alasoo_2018,macrophage,macrophage,Blood
Alasoo_2018.macrophage_IFNg,IP6K2,GWAS,macrophage_IFNg,WDR6,6.31360870997698e-10,6.16436370858736e-06,1.37264477488407e-05,0.133152907371631,0.86682720118555,Alasoo_2018,macrophage,macrophage,Blood
Alasoo_2018.macrophage_IFNg,NUCKS1,GWAS,macrophage_IFNg,RAB7L1,1.81944228504034e-24,1.05194715023588e-24,0.126997099694892,0.0726255500400632,0.800377350265046,Alasoo_2018,macrophage,macrophage,Blood
Alasoo_2018.macrophage_IFNg+Salmonella,BIN3,GWAS,macrophage_IFNg+Salmonella,C8orf58,7.46045807935568e-08,0.000135586227469662,3.436317358528e-05,0.0615132515405828,0.938316724453783,Alasoo_2018,macrophage,macrophage,Blood
Alasoo_2018.macrophage_IFNg+Salmonella,IP6K2,GWAS,macrophage_IFNg+Salmonella,WDR6,2.64873208202151e-07,4.14659127994476e-06,0.00575862144689019,0.0892462542479316,0.90499071284069,Alasoo_2018,macrophage,macrophage,Blood
Alasoo_2018.macrophage_Salmonella,BIN3,GWAS,macrophage_Salmonella,C8orf58,0.000187954640458817,0.000211203723861382,0.0865726724491295,0.0964647314600933,0.816563437726457,Alasoo_2018,macrophage,macrophage,Blood
Alasoo_2018.macrophage_Salmonella,IP6K2,GWAS,macrophage_Salmonella,WDR6,1.55107341968226e-08,4.36235832624089e-06,0.000337219635043898,0.0939365250490081,0.905721877446886,Alasoo_2018,macrophage,macrophage,Blood
Alasoo_2018.macrophage_Salmonella,NUCKS1,GWAS,macrophage_Salmonella,RAB7L1,2.25162047942885e-25,7.17220106737816e-25,0.0157163144361431,0.0491268176984479,0.935156867865406,Alasoo_2018,macrophage,macrophage,Blood
Alasoo_2018.macrophage_Salmonella,NUCKS1,GWAS,macrophage_Salmonella,SLC41A1,3.14621901110033e-25,1.65841623956201e-24,0.0219606135737257,0.114894334172549,0.863145052253727,Alasoo_2018,macrophage,macrophage,Blood
Alasoo_2018.macrophage_naive,BIN3,GWAS,macrophage_naive,C8orf58,7.32049406101212e-06,0.000207100488542037,0.00337184936196701,0.0944894036818761,0.901924325973553,Alasoo_2018,macrophage,macrophage,Blood
Alasoo_2018.macrophage_naive,BIN3,GWAS,macrophage_naive,RP11-582J16.5,7.28754562626358e-05,0.000221788974320875,0.0335667317880796,0.101292057799866,0.86484654598147,Alasoo_2018,macrophage,macrophage,Blood
Alasoo_2018.macrophage_naive,CHRNB1,GWAS,macrophage_naive,CHRNB1,6.52034980159356e-06,8.34997677942639e-05,0.0013169697521287,0.0158824380535292,0.982710572076746,Alasoo_2018,macrophage,macrophage,Blood
Alasoo_2018.macrophage_naive,GPNMB,GWAS,macrophage_naive,NUPL2,2.58172082455005e-24,6.48334912091154e-22,0.0001952701717114,0.0480855230878831,0.951719206740409,Alasoo_2018,macrophage,macrophage,Blood
Alasoo_2018.macrophage_naive,IP6K2,GWAS,macrophage_naive,WDR6,6.71676222691294e-11,6.11665640846741e-06,1.46029457928575e-06,0.132114650041561,0.867877772940284,Alasoo_2018,macrophage,macrophage,Blood
Alasoo_2018.macrophage_naive,IP6K2,GWAS,macrophage_naive,NCKIPSD,1.34946626326088e-06,5.07821606754397e-06,0.0293386582777346,0.109544054443429,0.861110859596506,Alasoo_2018,macrophage,macrophage,Blood
Alasoo_2018.macrophage_naive,NUCKS1,GWAS,macrophage_naive,RAB7L1,1.6465705049042e-24,9.1949267817249e-25,0.114930646762094,0.0633588927269139,0.821710460510991,Alasoo_2018,macrophage,macrophage,Blood
BLUEPRINT.T-cell,ATG14,GWAS,T-cell,FBXO34,2.50714460062752e-12,5.40307376873473e-12,0.0472922503298099,0.101066499872775,0.851641249789503,BLUEPRINT,CD4+ T cell,T-cell,Blood
BLUEPRINT.T-cell,BIN3,GWAS,T-cell,BIN3,2.23054118295833e-07,0.000153041408405251,8.70881254540272e-05,0.0588117680834438,0.940947879328579,BLUEPRINT,CD4+ T cell,T-cell,Blood
BLUEPRINT.T-cell,BIN3,GWAS,T-cell,C8orf58,3.15925445769134e-05,0.000201139902459657,0.0123348338356036,0.0776222393057242,0.909810194411636,BLUEPRINT,CD4+ T cell,T-cell,Blood
BLUEPRINT.T-cell,BIN3,GWAS,T-cell,RP11-582J16.5,2.65405390546252e-05,0.000212962123500079,0.0103623542683986,0.0822407004406007,0.907157442628445,BLUEPRINT,CD4+ T cell,T-cell,Blood
BLUEPRINT.T-cell,CD19,GWAS,T-cell,SPNS1,1.17121056034057e-05,1.82147924790198e-05,0.057515059566371,0.0885941777915093,0.853860835744037,BLUEPRINT,CD4+ T cell,T-cell,Blood
BLUEPRINT.T-cell,GPNMB,GWAS,T-cell,AC005082.12,1.74889460958595e-33,3.73827907227399e-22,1.24684086790764e-13,0.0256770206602783,0.974322979339596,BLUEPRINT,CD4+ T cell,T-cell,Blood
BLUEPRINT.T-cell,HIP1R,GWAS,T-cell,HIP1R,9.53412502934314e-33,5.51602598071803e-33,0.0307653807578838,0.0168471105096886,0.952387508732424,BLUEPRINT,CD4+ T cell,T-cell,Blood
BLUEPRINT.T-cell,HLA-DRB5,GWAS,T-cell,HCG27,3.09139445299975e-06,1.43860914607549e-06,0.068250324664923,0.0308600379253389,0.900885107406139,BLUEPRINT,CD4+ T cell,T-cell,Blood
BLUEPRINT.T-cell,HLA-DRB5,GWAS,T-cell,HLA-B,1.95462430085557e-09,2.83650910154945e-07,4.31533169684015e-05,0.00526762839803929,0.994688932679457,BLUEPRINT,CD4+ T cell,T-cell,Blood
BLUEPRINT.T-cell,IP6K2,GWAS,T-cell,WDR6,2.58306605393385e-07,6.15628811429411e-06,0.00519872663103608,0.123030831957402,0.871764026816841,BLUEPRINT,CD4+ T cell,T-cell,Blood
BLUEPRINT.T-cell,IP6K2,GWAS,T-cell,NCKIPSD,1.55469059747411e-15,8.2012758196823e-07,3.12897597958789e-11,0.015521439954253,0.984477739886874,BLUEPRINT,CD4+ T cell,T-cell,Blood
BLUEPRINT.T-cell,KPNA1,GWAS,T-cell,KPNA1,1.41679083053286e-08,1.43936359569259e-07,0.00916953569165468,0.092257704101125,0.898572602102951,BLUEPRINT,CD4+ T cell,T-cell,Blood
BLUEPRINT.T-cell,LOC100131289,GWAS,T-cell,HIST1H4J,5.70971820354358e-09,1.20644914530112e-07,0.00490996186341437,0.102854027633744,0.892235884148208,BLUEPRINT,CD4+ T cell,T-cell,Blood
BLUEPRINT.T-cell,MAP4K4,GWAS,T-cell,MAP4K4,3.26257600423432e-10,6.02894230926641e-09,0.00257262870706564,0.0465889891651997,0.950838375772535,BLUEPRINT,CD4+ T cell,T-cell,Blood
BLUEPRINT.T-cell,NOD2,GWAS,T-cell,RP11-327F22.2,1.42512991250709e-09,6.19335963765566e-05,2.97291640962034e-06,0.128326019409342,0.87160907265274,BLUEPRINT,CD4+ T cell,T-cell,Blood
BLUEPRINT.T-cell,NUCKS1,GWAS,T-cell,RAB7L1,1.47763810368385e-27,1.82974225758453e-25,0.000103138385484123,0.0117833941045309,0.988113467509988,BLUEPRINT,CD4+ T cell,T-cell,Blood
BLUEPRINT.T-cell,SPPL2B,GWAS,T-cell,LSM7,5.43222384348403e-12,0.000678616232265574,4.58416516481669e-10,0.0563243207406699,0.942997062563216,BLUEPRINT,CD4+ T cell,T-cell,Blood
BLUEPRINT.T-cell,STK39,GWAS,T-cell,STK39,3.58025863570924e-40,3.45535590551882e-34,1.11431007130881e-07,0.106650218469729,0.89334967009926,BLUEPRINT,CD4+ T cell,T-cell,Blood
BLUEPRINT.monocyte,BIN3,GWAS,monocyte,C8orf58,1.02082522073575e-09,0.00013429776251973,3.9856649504291e-07,0.0514862467863694,0.948379055863792,BLUEPRINT,monocyte,monocyte,Blood
BLUEPRINT.monocyte,BIN3,GWAS,monocyte,RP11-582J16.5,5.01473187686219e-05,0.000401939666821588,0.0195792978772642,0.156107689127518,0.823860926009627,BLUEPRINT,monocyte,monocyte,Blood
BLUEPRINT.monocyte,CHRNB1,GWAS,monocyte,CHRNB1,1.2858263406366e-16,3.17461556376579e-05,1.60076021808073e-14,0.00295515224263931,0.997013101601709,BLUEPRINT,monocyte,monocyte,Blood
BLUEPRINT.monocyte,CTSB,GWAS,monocyte,CTSB,1.55028579101466e-26,5.81020270073163e-12,1.34921635896301e-16,0.0496159087700907,0.950384091224098,BLUEPRINT,monocyte,monocyte,Blood
BLUEPRINT.monocyte,GPNMB,GWAS,monocyte,GPNMB,3.52757991509218e-29,4.09101950046196e-22,2.51492044108273e-09,0.0281943332020875,0.971805664282997,BLUEPRINT,monocyte,monocyte,Blood
BLUEPRINT.monocyte,GPNMB,GWAS,monocyte,NUPL2,5.85869892018131e-36,4.51854515964367e-22,4.17684702463452e-16,0.031245346400001,0.968754653600001,BLUEPRINT,monocyte,monocyte,Blood
BLUEPRINT.monocyte,GPNMB,GWAS,monocyte,AC005082.12,7.7764619819073e-29,4.24984441480051e-22,5.54407941657937e-09,0.0293277784143071,0.970672216041611,BLUEPRINT,monocyte,monocyte,Blood
BLUEPRINT.monocyte,HLA-DRB5,GWAS,monocyte,MICB,1.48463254762627e-07,9.63861401727485e-07,0.00571735981416948,0.036160440360426,0.958121087500749,BLUEPRINT,monocyte,monocyte,Blood
BLUEPRINT.monocyte,HLA-DRB5,GWAS,monocyte,HLA-C,1.91195723470999e-09,5.29606864997759e-06,4.2211328425293e-05,0.116040299861964,0.883912190829004,BLUEPRINT,monocyte,monocyte,Blood
BLUEPRINT.monocyte,HLA-DRB5,GWAS,monocyte,HLA-B,8.12812922310617e-08,1.02784094025395e-06,0.00179449184465422,0.0217157217226439,0.97648867731047,BLUEPRINT,monocyte,monocyte,Blood
BLUEPRINT.monocyte,IP6K2,GWAS,monocyte,DALRD3,1.71235265836401e-07,5.897286131715e-06,0.00344631263868908,0.117811135199175,0.878736483640738,BLUEPRINT,monocyte,monocyte,Blood
BLUEPRINT.monocyte,IP6K2,GWAS,monocyte,WDR6,2.59869517565373e-35,6.16160754648333e-06,5.23018209117855e-31,0.123132794819128,0.876861043573324,BLUEPRINT,monocyte,monocyte,Blood
BLUEPRINT.monocyte,IP6K2,GWAS,monocyte,NCKIPSD,3.41634078526144e-22,8.61759248413213e-07,6.87573995271913e-18,0.0163601591557562,0.983638979084996,BLUEPRINT,monocyte,monocyte,Blood
BLUEPRINT.monocyte,NOD2,GWAS,monocyte,RP11-327F22.2,2.30799574286836e-15,6.32985140309186e-05,4.81463363942485e-12,0.131176177566012,0.868760523915138,BLUEPRINT,monocyte,monocyte,Blood
BLUEPRINT.monocyte,RPS6KL1,GWAS,monocyte,FCF1,9.87740576632558e-06,3.36959849561921e-05,0.0433788852962323,0.14717421716672,0.809403324146325,BLUEPRINT,monocyte,monocyte,Blood
BLUEPRINT.monocyte,SPPL2B,GWAS,monocyte,LSM7,3.72790545899566e-09,0.000565806473904443,3.14591865785438e-07,0.046794847129212,0.952639028077111,BLUEPRINT,monocyte,monocyte,Blood
BLUEPRINT.neutrophil,BST1,GWAS,neutrophil,BST1,3.57294078573912e-27,6.05892843269384e-23,7.52627991417864e-06,0.126756058608304,0.873236415111781,BLUEPRINT,neutrophil,neutrophil,Blood
BLUEPRINT.neutrophil,GALC,GWAS,neutrophil,GALC,2.93555761800332e-27,1.71036151010506e-07,2.23238803047362e-22,0.012018714920553,0.987981114043295,BLUEPRINT,neutrophil,neutrophil,Blood
BLUEPRINT.neutrophil,GALC,GWAS,neutrophil,GPR65,1.58527121320248e-23,1.71512896942945e-07,1.20554284556145e-18,0.0120550060688294,0.987944822418271,BLUEPRINT,neutrophil,neutrophil,Blood
BLUEPRINT.neutrophil,GALC,GWAS,neutrophil,LINC01146,5.75763220191149e-21,1.49821162280764e-07,4.37847621945182e-16,0.0104037749010617,0.989596075277776,BLUEPRINT,neutrophil,neutrophil,Blood
BLUEPRINT.neutrophil,GPNMB,GWAS,neutrophil,KLHL7,1.21987290170825e-27,7.52156125932354e-22,8.69684987972501e-08,0.0526762046459946,0.947323708385505,BLUEPRINT,neutrophil,neutrophil,Blood
BLUEPRINT.neutrophil,GPNMB,GWAS,neutrophil,NUPL2,1.00039473415359e-21,1.52911546052475e-21,0.0713212238030513,0.108194869991137,0.820483906205816,BLUEPRINT,neutrophil,neutrophil,Blood
BLUEPRINT.neutrophil,GPNMB,GWAS,neutrophil,AC005082.12,5.01461164509587e-32,4.3975971462282e-22,3.57507119155188e-12,0.0303822075975225,0.969617792398898,BLUEPRINT,neutrophil,neutrophil,Blood
BLUEPRINT.neutrophil,HLA-DRB5,GWAS,neutrophil,MICA,4.54693306663409e-06,6.21596204909896e-07,0.100385151295923,0.0128365494166403,0.886773130758166,BLUEPRINT,neutrophil,neutrophil,Blood
BLUEPRINT.neutrophil,HLA-DRB5,GWAS,neutrophil,HCG27,4.08309942262514e-06,2.09449191007555e-06,0.0901447115436575,0.0453767158596993,0.86447239500531,BLUEPRINT,neutrophil,neutrophil,Blood
BLUEPRINT.neutrophil,HLA-DRB5,GWAS,neutrophil,HLA-B,1.28324255583755e-08,1.34132596925033e-06,0.000283308524994602,0.0286421187814165,0.971073218535194,BLUEPRINT,neutrophil,neutrophil,Blood
BLUEPRINT.neutrophil,HLA-DRB5,GWAS,neutrophil,XXbac-BPG299F13.17,6.14850520135629e-07,4.11855797087185e-06,0.0135743750134939,0.0900311586394636,0.896389732938552,BLUEPRINT,neutrophil,neutrophil,Blood
BLUEPRINT.neutrophil,IP6K2,GWAS,neutrophil,PRKAR2A,1.25678979726526e-06,6.73217908114046e-06,0.0252944182301238,0.134653220809661,0.840044371991338,BLUEPRINT,neutrophil,neutrophil,Blood
BLUEPRINT.neutrophil,IP6K2,GWAS,neutrophil,WDR6,1.7052400134793e-22,6.40085051053925e-06,3.43199766683559e-18,0.127952663177744,0.872040935971744,BLUEPRINT,neutrophil,neutrophil,Blood
BLUEPRINT.neutrophil,IP6K2,GWAS,neutrophil,NCKIPSD,1.47450453575527e-07,3.01510535462592e-06,0.0029675932186555,0.059744836175164,0.937284408050371,BLUEPRINT,neutrophil,neutrophil,Blood
BLUEPRINT.neutrophil,IP6K2,GWAS,neutrophil,SCAP,0.000754637503885801,7.41525539010833e-05,0.136125410983828,0.0125255004045107,0.850520298553874,BLUEPRINT,neutrophil,neutrophil,Blood
BLUEPRINT.neutrophil,SP1,GWAS,neutrophil,TARBP2,5.73404293780174e-08,0.0348038585163666,1.06580207889162e-07,0.0637894672109633,0.901406510352033,BLUEPRINT,neutrophil,neutrophil,Blood
BLUEPRINT.neutrophil,SP1,GWAS,neutrophil,MAP3K12,6.04213862517494e-09,0.0399418878056132,1.12306865810314e-08,0.0733543640809019,0.88670373084066,BLUEPRINT,neutrophil,neutrophil,Blood
BrainSeq.brain,BIN3,GWAS,brain,BIN3,3.95047380973144e-15,0.000101512666276619,1.81964107363005e-12,0.0458039973104135,0.954094490021489,BrainSeq,brain (DLPFC),brain (DLPFC),Other
BrainSeq.brain,BIN3,GWAS,brain,C8orf58,0.000125750890894597,0.000183772430739919,0.0579225422413157,0.0837900616488112,0.857977872788239,BrainSeq,brain (DLPFC),brain (DLPFC),Other
BrainSeq.brain,C5orf24,GWAS,brain,CAMLG,5.73354052674574e-24,1.91925827967174e-05,7.96634654877138e-21,0.02569243963587,0.974288367781335,BrainSeq,brain (DLPFC),brain (DLPFC),Other
BrainSeq.brain,CAB39L,GWAS,brain,CAB39L,2.31237152552879e-09,6.30501926762692e-05,6.56535556619668e-07,0.016918384565783,0.983017906393612,BrainSeq,brain (DLPFC),brain (DLPFC),Other
BrainSeq.brain,CD19,GWAS,brain,EIF3C,6.92559834986143e-08,5.38582495392497e-06,0.000319082445654323,0.0238382237470489,0.975837238726361,BrainSeq,brain (DLPFC),brain (DLPFC),Other
BrainSeq.brain,CHRNB1,GWAS,brain,CHRNB1,2.33151299518822e-08,4.84078858237308e-05,4.71139697354252e-06,0.00879085109535672,0.991156006306715,BrainSeq,brain (DLPFC),brain (DLPFC),Other
BrainSeq.brain,GPNMB,GWAS,brain,GPNMB,1.609662095667e-30,3.62209999959061e-22,1.21746110971785e-10,0.0264220219861073,0.973577977892145,BrainSeq,brain (DLPFC),brain (DLPFC),Other
BrainSeq.brain,GPNMB,GWAS,brain,NUPL2,8.41561940398774e-48,6.61190954546842e-22,6.36511809908552e-28,0.0490579558123802,0.950942044187626,BrainSeq,brain (DLPFC),brain (DLPFC),Other
BrainSeq.brain,GPNMB,GWAS,brain,AC005082.12,1.61986718586637e-25,3.61769645795406e-22,1.22517968647525e-05,0.0263886949100124,0.973599053293124,BrainSeq,brain (DLPFC),brain (DLPFC),Other
BrainSeq.brain,HLA-DRB5,GWAS,brain,HLA-C,1.06479503060028e-12,2.83256840460752e-06,2.3508122540061e-08,0.0615979230242196,0.93839922089819,BrainSeq,brain (DLPFC),brain (DLPFC),Other
BrainSeq.brain,HLA-DRB5,GWAS,brain,HCG22,5.72538501492745e-06,1.34645995885671e-06,0.126390779153386,0.0288790636739968,0.844723085327644,BrainSeq,brain (DLPFC),brain (DLPFC),Other
BrainSeq.brain,HLA-DRB5,GWAS,brain,HLA-B,1.03182400684758e-06,8.3463670297501e-07,0.0227802043948458,0.0174670297948696,0.959750899349574,BrainSeq,brain (DLPFC),brain (DLPFC),Other
BrainSeq.brain,IP6K2,GWAS,brain,WDR6,4.07531637107587e-14,6.911964141181e-06,8.86015317395878e-10,0.149422575048882,0.850570512100921,BrainSeq,brain (DLPFC),brain (DLPFC),Other
BrainSeq.brain,IP6K2,GWAS,brain,P4HTM,7.22570204153123e-12,6.55134645450114e-06,1.57094132441014e-07,0.141574535394865,0.858418756157322,BrainSeq,brain (DLPFC),brain (DLPFC),Other
BrainSeq.brain,IP6K2,GWAS,brain,NCKIPSD,2.92761348846746e-21,1.64529044979459e-06,6.36489379615722e-17,0.0348048937381291,0.965193460971419,BrainSeq,brain (DLPFC),brain (DLPFC),Other
BrainSeq.brain,KCNIP3,GWAS,brain,PROM2,1.76763532154965e-05,4.35165055404954e-05,0.0112511145753963,0.0267365896417669,0.961951102924081,BrainSeq,brain (DLPFC),brain (DLPFC),Other
BrainSeq.brain,NUCKS1,GWAS,brain,RAB7L1,2.51125233241035e-25,1.03110353724191e-24,0.0175285451723508,0.0710596310565281,0.911411823771122,BrainSeq,brain (DLPFC),brain (DLPFC),Other
Fairfax_2014.monocyte_IFN24,ATG14,GWAS,monocyte_IFN24,SAMD4A,5.37534215804895e-14,3.45269847427315e-12,0.00106205947138632,0.0672867246311581,0.931651215893948,Fairfax_2014,monocyte,monocyte,Blood
Fairfax_2014.monocyte_IFN24,BST1,GWAS,monocyte_IFN24,BST1,5.19721204271792e-26,3.3205192838099e-24,0.000116749798079661,0.00646577319518475,0.993417477006738,Fairfax_2014,monocyte,monocyte,Blood
Fairfax_2014.monocyte_IFN24,C5orf24,GWAS,monocyte_IFN24,CAMLG,2.31451270483541e-07,2.46659862844372e-05,0.000321587390121384,0.033305531956826,0.966347983215498,Fairfax_2014,monocyte,monocyte,Blood
Fairfax_2014.monocyte_IFN24,CD19,GWAS,monocyte_IFN24,SPNS1,1.10959510346555e-30,3.02717922395535e-06,1.02249492753908e-26,0.0269224649693748,0.973074507851408,Fairfax_2014,monocyte,monocyte,Blood
Fairfax_2014.monocyte_IFN24,CHRNB1,GWAS,monocyte_IFN24,CHRNB1,4.6212177570849e-21,0.000829018321181966,9.33936647029423e-19,0.166710085659728,0.832460896019089,Fairfax_2014,monocyte,monocyte,Blood
Fairfax_2014.monocyte_IFN24,CTSB,GWAS,monocyte_IFN24,CTSB,1.66742875887885e-21,4.15414136236765e-12,3.71911435348086e-11,0.0917477408974807,0.908252259061172,Fairfax_2014,monocyte,monocyte,Blood
Fairfax_2014.monocyte_IFN24,GPNMB,GWAS,monocyte_IFN24,AC005082.12,3.01384386141476e-34,4.64803613868626e-22,2.27954085017064e-14,0.0341899204041694,0.96581007959581,Fairfax_2014,monocyte,monocyte,Blood
Fairfax_2014.monocyte_IFN24,HLA-DRB5,GWAS,monocyte_IFN24,HLA-C,4.67667094362233e-14,2.79710080222448e-06,2.06499690085309e-09,0.12262938640449,0.877367814429664,Fairfax_2014,monocyte,monocyte,Blood
Fairfax_2014.monocyte_IFN24,HLA-DRB5,GWAS,monocyte_IFN24,VARS2,7.91655963398184e-09,4.47383070680654e-06,0.000341076906486756,0.191942726375966,0.807711714970281,Fairfax_2014,monocyte,monocyte,Blood
Fairfax_2014.monocyte_IFN24,IP6K2,GWAS,monocyte_IFN24,WDR6,1.63421531288117e-74,6.58039954943283e-06,3.55295555163654e-70,0.142207003926573,0.857786415673868,Fairfax_2014,monocyte,monocyte,Blood
Fairfax_2014.monocyte_IFN24,IP6K2,GWAS,monocyte_IFN24,PRKAR2A,2.21010817291629e-06,6.89016434641451e-06,0.0480501764144379,0.148996788234967,0.802943935078076,Fairfax_2014,monocyte,monocyte,Blood
Fairfax_2014.monocyte_IFN24,IP6K2,GWAS,monocyte_IFN24,NCKIPSD,1.90612678792034e-11,9.92405783984272e-07,8.28819774996129e-07,0.0421938655441813,0.957804313211198,Fairfax_2014,monocyte,monocyte,Blood
Fairfax_2014.monocyte_IFN24,NUCKS1,GWAS,monocyte_IFN24,RAB7L1,6.77627776357029e-38,2.45209175988974e-24,4.72984292921025e-15,0.17032636921387,0.829673630786127,Fairfax_2014,monocyte,monocyte,Blood
Fairfax_2014.monocyte_IFN24,TRIM40,GWAS,monocyte_IFN24,HLA-G,7.17983313607059e-29,0.147296810029924,6.72656439776482e-30,0.0129600410448601,0.839743148925219,Fairfax_2014,monocyte,monocyte,Blood
Fairfax_2014.monocyte_LPS2,BST1,GWAS,monocyte_LPS2,BST1,3.69508975114828e-25,4.47540594986764e-24,0.000830062307996929,0.00906341326034737,0.990106524431656,Fairfax_2014,monocyte,monocyte,Blood
Fairfax_2014.monocyte_LPS2,C5orf24,GWAS,monocyte_LPS2,CAMLG,6.33827440765782e-07,3.1421951832744e-05,0.000880664478692843,0.0427024962470612,0.956384783494973,Fairfax_2014,monocyte,monocyte,Blood
Fairfax_2014.monocyte_LPS2,CD19,GWAS,monocyte_LPS2,SPNS1,1.80170618176399e-28,3.49351023780901e-06,1.66027718220431e-24,0.0312240200584255,0.968772486431333,Fairfax_2014,monocyte,monocyte,Blood
Fairfax_2014.monocyte_LPS2,CD19,GWAS,monocyte_LPS2,EIF3CL,1.81626907601903e-05,2.0083835934425e-05,0.0836820828222128,0.0917089224573406,0.824570748193752,Fairfax_2014,monocyte,monocyte,Blood
Fairfax_2014.monocyte_LPS2,IP6K2,GWAS,monocyte_LPS2,WDR6,6.09231408989088e-39,7.27516176617966e-06,1.32453300057147e-34,0.157326983781617,0.842665741056617,Fairfax_2014,monocyte,monocyte,Blood
Fairfax_2014.monocyte_LPS2,IP6K2,GWAS,monocyte_LPS2,NCKIPSD,1.14846325978566e-14,1.14393532255406e-06,4.99373422831499e-10,0.0487892494511737,0.951209606114117,Fairfax_2014,monocyte,monocyte,Blood
Fairfax_2014.monocyte_LPS2,NUCKS1,GWAS,monocyte_LPS2,NUCKS1,9.30287976288635e-29,4.37156690082871e-25,1.94802345489735e-05,0.0906312819917218,0.909349237773731,Fairfax_2014,monocyte,monocyte,Blood
Fairfax_2014.monocyte_LPS2,TRIM40,GWAS,monocyte_LPS2,HLA-G,9.61470335879548e-16,0.147801254449015,9.0077192718352e-17,0.0130078531444112,0.839190892406574,Fairfax_2014,monocyte,monocyte,Blood
Fairfax_2014.monocyte_LPS24,BIN3,GWAS,monocyte_LPS24,BIN3,0.000169075081393793,0.000167343914221088,0.0778807854056825,0.0762378156487204,0.845544979949981,Fairfax_2014,monocyte,monocyte,Blood
Fairfax_2014.monocyte_LPS24,BIN3,GWAS,monocyte_LPS24,C8orf58,4.24210550477352e-07,0.000130098872438696,0.000195403430098636,0.058986548839181,0.940687524647732,Fairfax_2014,monocyte,monocyte,Blood
Fairfax_2014.monocyte_LPS24,BST1,GWAS,monocyte_LPS24,BST1,2.0801764334465e-26,2.94785431634259e-24,4.67289340090006e-05,0.00562771320778109,0.994325557858212,Fairfax_2014,monocyte,monocyte,Blood
Fairfax_2014.monocyte_LPS24,C5orf24,GWAS,monocyte_LPS24,CAMLG,2.13557456401508e-06,2.75738942568169e-05,0.00296725017054645,0.0373525882375639,0.959650452123069,Fairfax_2014,monocyte,monocyte,Blood
Fairfax_2014.monocyte_LPS24,CD19,GWAS,monocyte_LPS24,SPNS1,5.69719279305814e-35,2.90582232128197e-06,5.24997876605624e-31,0.0258030382386239,0.97419405593906,Fairfax_2014,monocyte,monocyte,Blood
Fairfax_2014.monocyte_LPS24,CHRNB1,GWAS,monocyte_LPS24,CHRNB1,1.2440006073463e-11,3.39605010601352e-05,2.51409437338537e-09,0.00586923623370134,0.994096800738706,Fairfax_2014,monocyte,monocyte,Blood
Fairfax_2014.monocyte_LPS24,CHRNB1,GWAS,monocyte_LPS24,POLR2A,0.000182195752384678,0.000257566670508839,0.0368210459365047,0.0511416148740639,0.911597576766538,Fairfax_2014,monocyte,monocyte,Blood
Fairfax_2014.monocyte_LPS24,CHRNB1,GWAS,monocyte_LPS24,SOX15,0.000157900952198624,0.000361570045078914,0.0319102443084045,0.0721743881193917,0.895395896574927,Fairfax_2014,monocyte,monocyte,Blood
Fairfax_2014.monocyte_LPS24,CTSB,GWAS,monocyte_LPS24,CTSB,4.89890976646685e-16,5.77894227228005e-12,1.09267670548785e-05,0.128024379682962,0.871964693544205,Fairfax_2014,monocyte,monocyte,Blood
Fairfax_2014.monocyte_LPS24,GPNMB,GWAS,monocyte_LPS24,AC005082.12,8.8133555311567e-39,3.32930450454727e-22,6.66604007512129e-19,0.0242056216795441,0.975794378320452,Fairfax_2014,monocyte,monocyte,Blood
Fairfax_2014.monocyte_LPS24,IP6K2,GWAS,monocyte_LPS24,WDR6,9.09599823575314e-43,8.12940712519607e-06,1.97756545142258e-38,0.175917766149503,0.824074104443378,Fairfax_2014,monocyte,monocyte,Blood
Fairfax_2014.monocyte_LPS24,IP6K2,GWAS,monocyte_LPS24,NCKIPSD,5.42609340737465e-14,9.63802337802535e-07,2.35936745945159e-09,0.0409488880785273,0.959050145759714,Fairfax_2014,monocyte,monocyte,Blood
Fairfax_2014.monocyte_LPS24,NUCKS1,GWAS,monocyte_LPS24,NUCKS1,8.90545042765079e-37,5.61733450409496e-26,1.86480173362005e-13,0.0107734745379625,0.989226525461855,Fairfax_2014,monocyte,monocyte,Blood
Fairfax_2014.monocyte_LPS24,SETD1A,GWAS,monocyte_LPS24,STX1B,3.387206043096e-17,3.01972325690777e-16,0.0172980921582285,0.153384658888713,0.829317248953055,Fairfax_2014,monocyte,monocyte,Blood
Fairfax_2014.monocyte_LPS24,SYT17,GWAS,monocyte_LPS24,COQ7,3.32406127445487e-06,1.87893526328778e-06,0.114040797188367,0.0636395764982977,0.822314423316798,Fairfax_2014,monocyte,monocyte,Blood
Fairfax_2014.monocyte_LPS24,TRIM40,GWAS,monocyte_LPS24,HLA-G,2.22347508678828e-24,0.147260699389609,2.08310528596666e-25,0.0129566184169862,0.839782682193407,Fairfax_2014,monocyte,monocyte,Blood
Fairfax_2014.monocyte_LPS24,TRIM40,GWAS,monocyte_LPS24,HLA-A,3.9463110112367e-10,0.156688618935049,7.66657823171468e-11,0.0296265301164732,0.81368485047718,Fairfax_2014,monocyte,monocyte,Blood
Fairfax_2014.monocyte_naive,BIN3,GWAS,monocyte_naive,CCAR2,2.25095665988613e-11,9.50022569541878e-05,3.11056374140276e-08,0.130412722602396,0.869492244012504,Fairfax_2014,monocyte,monocyte,Blood
Fairfax_2014.monocyte_naive,BIN3,GWAS,monocyte_naive,C8orf58,3.50078613875032e-05,0.000123712298376654,0.0161256154233744,0.0560577410040351,0.927657923412826,Fairfax_2014,monocyte,monocyte,Blood
Fairfax_2014.monocyte_naive,BST1,GWAS,monocyte_naive,BST1,2.93754535176829e-42,2.64453959403653e-24,6.59888078165545e-21,0.00494562037213713,0.995054379627863,Fairfax_2014,monocyte,monocyte,Blood
Fairfax_2014.monocyte_naive,C5orf24,GWAS,monocyte_naive,CAMLG,1.65064760161208e-12,2.78946680170463e-05,2.2934739269461e-09,0.0377957594723128,0.962176343564546,Fairfax_2014,monocyte,monocyte,Blood
Fairfax_2014.monocyte_naive,CD19,GWAS,monocyte_naive,SPNS1,4.45090972920196e-43,3.13574337521861e-06,4.10152550856549e-39,0.0279238881290656,0.972072976127562,Fairfax_2014,monocyte,monocyte,Blood
Fairfax_2014.monocyte_naive,CD19,GWAS,monocyte_naive,EIF3CL,1.01650927740754e-06,4.08032126492282e-05,0.00468342574702702,0.187187064868299,0.808087689662747,Fairfax_2014,monocyte,monocyte,Blood
Fairfax_2014.monocyte_naive,CHRNB1,GWAS,monocyte_naive,CHRNB1,2.42008611402351e-26,4.96705182200678e-05,4.8909340127684e-24,0.00904738559413752,0.990902943887643,Fairfax_2014,monocyte,monocyte,Blood
Fairfax_2014.monocyte_naive,CHRNB1,GWAS,monocyte_naive,ZBTB4,1.92459470230706e-05,9.64889319925633e-05,0.00777906059996176,0.0380460091460781,0.954059195374945,Fairfax_2014,monocyte,monocyte,Blood
Fairfax_2014.monocyte_naive,FAM47E-STBD1,GWAS,monocyte_naive,FAM47E-STBD1,3.22538069298971e-16,4.54698088694143e-16,0.0670159095964258,0.09363634025724,0.839347750146333,Fairfax_2014,monocyte,monocyte,Blood
Fairfax_2014.monocyte_naive,GPNMB,GWAS,monocyte_naive,GPNMB,7.22356725759701e-40,4.96453205055247e-22,1.09271862809229e-19,0.0741733100377341,0.925826689962271,Fairfax_2014,monocyte,monocyte,Blood
Fairfax_2014.monocyte_naive,GPNMB,GWAS,monocyte_naive,AC005082.12,2.02933030651449e-49,3.41286003533946e-22,1.53489747475423e-29,0.0248382321045366,0.97516176789546,Fairfax_2014,monocyte,monocyte,Blood
Fairfax_2014.monocyte_naive,HLA-DRB5,GWAS,monocyte_naive,HLA-C,1.20113814458169e-07,2.91774388658249e-06,0.00530365846979275,0.127967056499344,0.866726247173162,Fairfax_2014,monocyte,monocyte,Blood
Fairfax_2014.monocyte_naive,HLA-DRB5,GWAS,monocyte_naive,HCG27,7.72061568639984e-08,1.70385992640758e-07,0.00170452722743666,0.00276618602900817,0.995529039151407,Fairfax_2014,monocyte,monocyte,Blood
Fairfax_2014.monocyte_naive,IP6K2,GWAS,monocyte_naive,WDR6,3.09836988594214e-75,5.25084078744101e-06,6.73618121217671e-71,0.113272065203097,0.886722683956128,Fairfax_2014,monocyte,monocyte,Blood
Fairfax_2014.monocyte_naive,IP6K2,GWAS,monocyte_naive,NCKIPSD,1.80032035637189e-18,1.09884508710457e-06,7.82813148708269e-14,0.0468266787098878,0.953172222444948,Fairfax_2014,monocyte,monocyte,Blood
Fairfax_2014.monocyte_naive,IP6K2,GWAS,monocyte_naive,HYAL3,0.000930221036722554,0.086849123487613,0.000853949955582468,0.078895681981825,0.832471023538257,Fairfax_2014,monocyte,monocyte,Blood
Fairfax_2014.monocyte_naive,SP1,GWAS,monocyte_naive,MAP3K12,5.81415798689285e-13,0.0610355234482125,1.29717755370102e-12,0.135370743417491,0.803593733132418,Fairfax_2014,monocyte,monocyte,Blood
Fairfax_2014.monocyte_naive,TRIM40,GWAS,monocyte_naive,HLA-G,2.35577966801856e-35,0.147260699385752,2.20705737077119e-36,0.0129566184166206,0.839782682197632,Fairfax_2014,monocyte,monocyte,Blood
Fairfax_2014.monocyte_naive,TRIM40,GWAS,monocyte_naive,HLA-A,6.27062555679107e-20,0.145111277545959,1.21820711180751e-20,0.0273635362492069,0.827525186204836,Fairfax_2014,monocyte,monocyte,Blood
HipSci.iPSC,C5orf24,GWAS,iPSC,CAMLG,1.07597215325062e-05,3.9533089790495e-05,0.0149498526740235,0.0539973584593216,0.931002496055332,HipSci,iPSC,iPSC,Other
HipSci.iPSC,CD19,GWAS,iPSC,EIF3CL,2.8478197352688e-07,1.28493853043766e-05,0.00131208690799436,0.0582610519586994,0.940413726966028,HipSci,iPSC,iPSC,Other
HipSci.iPSC,CHRNB1,GWAS,iPSC,ZBTB4,0.000108773307027187,0.000621322131182518,0.0219704244717395,0.124644227473896,0.852655252616156,HipSci,iPSC,iPSC,Other
HipSci.iPSC,GPNMB,GWAS,iPSC,GPNMB,3.57778257764081e-24,5.64664233138811e-22,0.000270607964904081,0.041750776225457,0.957978615809636,HipSci,iPSC,iPSC,Other
HipSci.iPSC,GPNMB,GWAS,iPSC,NUPL2,4.59548836011272e-48,7.24759469900947e-22,3.47582818654818e-28,0.0538715360919358,0.946128463908061,HipSci,iPSC,iPSC,Other
HipSci.iPSC,HLA-DRB5,GWAS,iPSC,HLA-C,1.21886427872027e-21,3.42299431761412e-06,2.69096485581058e-17,0.0746462910456746,0.92535028596001,HipSci,iPSC,iPSC,Other
HipSci.iPSC,IP6K2,GWAS,iPSC,WDR6,8.78903713794962e-12,6.10745426881226e-06,1.91082954580147e-07,0.131914430158405,0.868079271295584,HipSci,iPSC,iPSC,Other
HipSci.iPSC,IP6K2,GWAS,iPSC,P4HTM,2.57383937094074e-06,4.72850002504019e-06,0.0559579912846013,0.101960519548354,0.842074186827649,HipSci,iPSC,iPSC,Other
HipSci.iPSC,IP6K2,GWAS,iPSC,NCKIPSD,2.90310745440982e-06,4.2874029575222e-06,0.0631162925900417,0.0923676728502012,0.844508844049346,HipSci,iPSC,iPSC,Other
HipSci.iPSC,KCNIP3,GWAS,iPSC,ZNF514,3.63718200327656e-06,4.51860493329636e-05,0.002316808972547,0.0278127480823946,0.969821619713722,HipSci,iPSC,iPSC,Other
HipSci.iPSC,KPNA1,GWAS,iPSC,PARP9,9.84092970602544e-25,8.40282737485461e-08,6.5517994492367e-19,0.054998533843914,0.94500138212781,HipSci,iPSC,iPSC,Other
HipSci.iPSC,KPNA1,GWAS,iPSC,DTX3L,6.52164330733142e-24,8.8241805942234e-08,4.34191690280312e-18,0.0578065868059306,0.942193324952264,HipSci,iPSC,iPSC,Other
HipSci.iPSC,LOC100131289,GWAS,iPSC,BTN3A3,1.92153771046313e-05,3.36226903405473e-05,0.0422420616064794,0.0730296562397118,0.884675444086364,HipSci,iPSC,iPSC,Other
HipSci.iPSC,SETD1A,GWAS,iPSC,HSD3B7,8.11432011395251e-18,2.57226291207723e-16,0.00138129828681481,0.0428317677075725,0.955786934005609,HipSci,iPSC,iPSC,Other
HipSci.iPSC,SPPL2B,GWAS,iPSC,TMPRSS9,5.1351941997465e-05,2.14800387078709e-05,0.0987274992762236,0.0404360291104695,0.860763639632602,HipSci,iPSC,iPSC,Other
HipSci.iPSC,SPTSSB,GWAS,iPSC,SPTSSB,3.43679587676116e-07,3.8980972426054e-06,0.00493162043405806,0.0549955665520651,0.940068571237047,HipSci,iPSC,iPSC,Other
HipSci.iPSC,STK39,GWAS,iPSC,STK39,5.74874973574023e-38,2.17998894750307e-35,1.78922541072237e-05,0.00579074762533726,0.994191360120549,HipSci,iPSC,iPSC,Other
HipSci.iPSC,VAMP4,GWAS,iPSC,VAMP4,6.24398438558521e-15,2.28470864313274e-05,2.49151456244528e-11,0.0902561837446989,0.909720969143951,HipSci,iPSC,iPSC,Other
Lepik_2017.blood,BIN3,GWAS,blood,BIN3,2.32382872638656e-05,0.000400451829765699,0.0107041157267377,0.183652553866158,0.805219640290076,Lepik_2017,blood,blood,Blood
Lepik_2017.blood,BIN3,GWAS,blood,C8orf58,6.63411402077656e-14,0.000119282429208055,3.05583296292175e-11,0.0539984822917709,0.945882235248395,Lepik_2017,blood,blood,Blood
Lepik_2017.blood,BIN3,GWAS,blood,RP11-582J16.5,6.49288902289116e-14,7.46627971521113e-05,2.99078132190756e-11,0.0334249852219821,0.966500351950892,Lepik_2017,blood,blood,Blood
Lepik_2017.blood,C5orf24,GWAS,blood,CAMLG,6.03092768015047e-20,2.72682969376172e-05,8.22113903678619e-17,0.0362073751893014,0.963765356513763,Lepik_2017,blood,blood,Blood
Lepik_2017.blood,CD19,GWAS,blood,SPNS1,1.39949364987287e-06,2.42095545949614e-05,0.00657802619553781,0.112911445699868,0.88048491905635,Lepik_2017,blood,blood,Blood
Lepik_2017.blood,CD19,GWAS,blood,EIF3C,4.11213753658612e-16,1.73756497911621e-05,1.93276431653747e-12,0.0807488417479915,0.919233782600281,Lepik_2017,blood,blood,Blood
Lepik_2017.blood,CD19,GWAS,blood,EIF3CL,9.53216979481585e-18,1.48226190596378e-05,4.48022671237695e-14,0.0687367235691934,0.931248453811704,Lepik_2017,blood,blood,Blood
Lepik_2017.blood,CHRNB1,GWAS,blood,CHRNB1,3.22780424640019e-09,3.52375019510792e-05,6.40457034778344e-07,0.00599781643592026,0.993966302377289,Lepik_2017,blood,blood,Blood
Lepik_2017.blood,GPNMB,GWAS,blood,GPNMB,5.74367300383776e-43,7.4821590158399e-22,4.34296599028838e-23,0.055630512331003,0.944369487668996,Lepik_2017,blood,blood,Blood
Lepik_2017.blood,GPNMB,GWAS,blood,NUPL2,2.58928656594493e-23,5.78283322222931e-22,0.00195783838799592,0.0427704905631014,0.955271671048899,Lepik_2017,blood,blood,Blood
Lepik_2017.blood,GPNMB,GWAS,blood,AC005082.12,1.88387963150397e-43,4.38394010944548e-22,1.42445873293135e-23,0.0321804860843686,0.967819513915631,Lepik_2017,blood,blood,Blood
Lepik_2017.blood,HLA-DRB5,GWAS,blood,HLA-C,1.33721986611837e-25,2.81052458908418e-06,2.95226331906851e-21,0.0611108098740057,0.938886379601406,Lepik_2017,blood,blood,Blood
Lepik_2017.blood,HLA-DRB5,GWAS,blood,HLA-B,1.1319823937792e-12,5.61756034424672e-06,2.49914801968179e-08,0.123145528965724,0.876848828481321,Lepik_2017,blood,blood,Blood
Lepik_2017.blood,HLA-DRB5,GWAS,blood,XXbac-BPG299F13.17,7.0147658299661e-21,2.83461682570077e-06,1.54869131135667e-16,0.0616431569842411,0.938354008398934,Lepik_2017,blood,blood,Blood
Lepik_2017.blood,IP6K2,GWAS,blood,WDR6,1.02114778370889e-54,7.66085939727377e-06,2.15319500323783e-50,0.160697795757152,0.83929454338345,Lepik_2017,blood,blood,Blood
Lepik_2017.blood,IP6K2,GWAS,blood,P4HTM,1.11049357840861e-10,6.15116281733948e-06,2.34159000536534e-06,0.128832439895465,0.871159067240662,Lepik_2017,blood,blood,Blood
Lepik_2017.blood,IP6K2,GWAS,blood,NCKIPSD,8.71886828192381e-25,7.41708992419462e-07,1.83845127364222e-20,0.0146542517587095,0.9853450065323,Lepik_2017,blood,blood,Blood
Lepik_2017.blood,KCNIP3,GWAS,blood,MAL,2.75866209557682e-05,3.9311188631946e-05,0.0175502694096024,0.0240509634847293,0.95833186929608,Lepik_2017,blood,blood,Blood
Lepik_2017.blood,MAP4K4,GWAS,blood,IL1R2,2.48493925659704e-11,8.91315915615961e-09,0.000221005408477748,0.078350383572186,0.921428602081326,Lepik_2017,blood,blood,Blood
Lepik_2017.blood,MAP4K4,GWAS,blood,IL1R1,1.60759593087152e-10,8.01092097945676e-09,0.00142976289833325,0.0703192396142297,0.928250989315755,Lepik_2017,blood,blood,Blood
Lepik_2017.blood,NOD2,GWAS,blood,RP11-327F22.2,4.38219655831175e-10,5.5952978416201e-06,9.64173233012502e-07,0.0113221329615435,0.988671307129161,Lepik_2017,blood,blood,Blood
Lepik_2017.blood,RNF141,GWAS,blood,AMPD3,6.56793545255204e-10,4.85968518037621e-06,2.91567048922744e-06,0.0205939572720531,0.979398266715484,Lepik_2017,blood,blood,Blood
Lepik_2017.blood,SETD1A,GWAS,blood,STX4,1.38343505666749e-22,4.57061891810554e-16,2.27277817972392e-08,0.0741626382264555,0.92583733904576,Lepik_2017,blood,blood,Blood
Lepik_2017.blood,SP1,GWAS,blood,TARBP2,0.0302786902660204,0.0260179019624012,0.0672642401513361,0.0569794209333292,0.819459746686913,Lepik_2017,blood,blood,Blood
Nedelec_2016.macrophage_Listeria,BIN3,GWAS,macrophage_Listeria,C8orf58,1.58410826756473e-07,9.52155717057316e-05,7.29677556564406e-05,0.0429016035643009,0.95693005469751,Nedelec_2016,macrophage,macrophage,Blood
Nedelec_2016.macrophage_Listeria,IP6K2,GWAS,macrophage_Listeria,WDR6,1.22781672109989e-20,5.86667349268564e-06,2.66940428959626e-16,0.126674408840465,0.873319724486039,Nedelec_2016,macrophage,macrophage,Blood
Nedelec_2016.macrophage_Listeria,NUCKS1,GWAS,macrophage_Listeria,RAB7L1,2.69972720673788e-26,1.11870131284509e-24,0.00188441000872694,0.077164417802868,0.920951172188406,Nedelec_2016,macrophage,macrophage,Blood
Nedelec_2016.macrophage_Salmonella,IP6K2,GWAS,macrophage_Salmonella,WDR6,6.09831009305015e-18,6.41363737698128e-06,1.32583754903529e-13,0.138577890120442,0.861415696242049,Nedelec_2016,macrophage,macrophage,Blood
Nedelec_2016.macrophage_Salmonella,IP6K2,GWAS,macrophage_Salmonella,NCKIPSD,3.66300955408448e-06,4.6935135029893e-06,0.0796372888398492,0.101222286331629,0.819132068305464,Nedelec_2016,macrophage,macrophage,Blood
Nedelec_2016.macrophage_Salmonella,NOD2,GWAS,macrophage_Salmonella,NOD2,4.63754797730504e-05,3.88389248343057e-05,0.102034658196026,0.0846395987640909,0.813240528635275,Nedelec_2016,macrophage,macrophage,Blood
Nedelec_2016.macrophage_Salmonella,NOD2,GWAS,macrophage_Salmonella,SNX20,2.37499306043587e-05,2.03161951277768e-05,0.0522541827559719,0.0437954315773876,0.903906319540908,Nedelec_2016,macrophage,macrophage,Blood
Nedelec_2016.macrophage_Salmonella,NOD2,GWAS,macrophage_Salmonella,RP11-327F22.2,6.43407988174333e-07,6.33052809278308e-05,0.00141561771907429,0.138423342094109,0.860097091497901,Nedelec_2016,macrophage,macrophage,Blood
Nedelec_2016.macrophage_Salmonella,NUCKS1,GWAS,macrophage_Salmonella,RAB7L1,3.21230991059601e-26,2.81501917037394e-24,0.00224219281546382,0.195686310224412,0.802071496960128,Nedelec_2016,macrophage,macrophage,Blood
Nedelec_2016.macrophage_Salmonella,SCAF11,GWAS,macrophage_Salmonella,SCAF11,0.000123212105440576,0.00110975670778593,0.0194179115699022,0.174089549172889,0.805259570443982,Nedelec_2016,macrophage,macrophage,Blood
Nedelec_2016.macrophage_naive,BIN3,GWAS,macrophage_naive,C8orf58,2.46936935955046e-05,0.000154611732290192,0.0113744965380541,0.070299656776649,0.918146541259411,Nedelec_2016,macrophage,macrophage,Blood
Nedelec_2016.macrophage_naive,CHRNB1,GWAS,macrophage_naive,CHRNB1,1.13859430309792e-05,0.000215303693450242,0.00230115679231251,0.0425590545402737,0.954913099030932,Nedelec_2016,macrophage,macrophage,Blood
Nedelec_2016.macrophage_naive,IP6K2,GWAS,macrophage_naive,WDR6,3.2050071504617e-20,6.22768654358647e-06,6.96802681426676e-16,0.13453107399992,0.865462698313538,Nedelec_2016,macrophage,macrophage,Blood
Nedelec_2016.macrophage_naive,IP6K2,GWAS,macrophage_naive,NCKIPSD,7.28802251555698e-10,1.75385367281258e-06,1.58448495853787e-05,0.0371676212630644,0.962814779304874,Nedelec_2016,macrophage,macrophage,Blood
Nedelec_2016.macrophage_naive,PAM,GWAS,macrophage_naive,PAM,8.36629805053908e-07,1.54490948276255e-05,0.00997349758087528,0.183362633692014,0.806647583002478,Nedelec_2016,macrophage,macrophage,Blood
ROSMAP.brain_naive,BIN3,GWAS,brain_naive,BIN3,4.97230022799671e-120,9.93043755101296e-05,2.29027585268377e-117,0.0447851662050012,0.955115529419507,ROSMAP,brain (DLPFC),brain (DLPFC),Other
ROSMAP.brain_naive,BIN3,GWAS,brain_naive,CCAR2,3.595141002466e-08,0.000367024863745274,1.65594679472088e-05,0.16822279546841,0.831393584248486,ROSMAP,brain (DLPFC),brain (DLPFC),Other
ROSMAP.brain_naive,BIN3,GWAS,brain_naive,C8orf58,9.65006437870536e-18,8.39636152028265e-05,4.44488635238679e-15,0.0377120174853273,0.962204018899468,ROSMAP,brain (DLPFC),brain (DLPFC),Other
ROSMAP.brain_naive,BST1,GWAS,brain_naive,CD38,2.03064755783463e-36,2.16028394141095e-24,4.56163209042687e-15,0.00385670303451819,0.996143296965482,ROSMAP,brain (DLPFC),brain (DLPFC),Other
ROSMAP.brain_naive,C5orf24,GWAS,brain_naive,CAMLG,6.74464857925671e-70,2.1678788481018e-05,9.37125284457663e-67,0.0291504461739204,0.970827875037599,ROSMAP,brain (DLPFC),brain (DLPFC),Other
ROSMAP.brain_naive,CD19,GWAS,brain_naive,SH2B1,2.24380321543604e-06,2.80383409023897e-05,0.0103379545888901,0.128320737115444,0.861311026151548,ROSMAP,brain (DLPFC),brain (DLPFC),Other
ROSMAP.brain_naive,CD19,GWAS,brain_naive,EIF3C,1.10420928988389e-10,6.33288832991381e-06,5.08745870557253e-07,0.0282059313093892,0.971787226945988,ROSMAP,brain (DLPFC),brain (DLPFC),Other
ROSMAP.brain_naive,CD19,GWAS,brain_naive,RP11-264B17.3,8.93863744212704e-06,6.19435924547278e-06,0.0411845569242683,0.0276091700286688,0.931191140050375,ROSMAP,brain (DLPFC),brain (DLPFC),Other
ROSMAP.brain_naive,FYN,GWAS,brain_naive,FYN,4.06781340992007e-06,2.42412077640611e-05,0.0120930126548138,0.0711488254510811,0.916729852872931,ROSMAP,brain (DLPFC),brain (DLPFC),Other
ROSMAP.brain_naive,GPNMB,GWAS,brain_naive,GPNMB,1.07416181483842e-63,5.99509573154885e-22,8.12437739964198e-44,0.0443880407355696,0.955611959264437,ROSMAP,brain (DLPFC),brain (DLPFC),Other
ROSMAP.brain_naive,GS1-124K5.11,GWAS,brain_naive,ZNF117,1.76499086581394e-06,0.000636195102501269,0.000203778451949172,0.0725257890876549,0.92663247236703,ROSMAP,brain (DLPFC),brain (DLPFC),Other
ROSMAP.brain_naive,GS1-124K5.11,GWAS,brain_naive,ZNF273,0.00171498188851099,0.0013565188154821,0.062197654384818,0.0483107691290051,0.886420075782184,ROSMAP,brain (DLPFC),brain (DLPFC),Other
ROSMAP.brain_naive,HLA-DRB5,GWAS,brain_naive,HLA-C,4.76230324070424e-32,3.36114361085192e-06,1.05140387802777e-27,0.0732793811034967,0.926717257752894,ROSMAP,brain (DLPFC),brain (DLPFC),Other
ROSMAP.brain_naive,HLA-DRB5,GWAS,brain_naive,HCG27,8.85440842436814e-13,4.62543411961372e-06,1.95484117279029e-08,0.101219724281304,0.898775630735281,ROSMAP,brain (DLPFC),brain (DLPFC),Other
